2.2795200e+06 5.8000000e+01 1.3850000e+01 0.0000000e+00 0.0000000e+00
2.2795800e+06 6.2000000e+01 1.3700000e+01 0.0000000e+00 0.0000000e+00
2.2796400e+06 6.2000000e+01 1.3700000e+01 0.0000000e+00 0.0000000e+00
2.2797000e+06 6.9000000e+01 1.3400000e+01 0.0000000e+00 0.0000000e+00
2.2797600e+06 6.3000000e+01 1.3050000e+01 0.0000000e+00 0.0000000e+00
2.2798200e+06 6.4000000e+01 1.3400000e+01 0.0000000e+00 5.1329999e+00
2.2798800e+06 5.1000000e+01 1.5050000e+01 0.0000000e+00 4.0916000e+01
2.2799400e+06 5.1000000e+01 1.7900001e+01 0.0000000e+00 2.4477499e+02
2.2800000e+06 5.4000000e+01 1.8300000e+01 0.0000000e+00 3.5634799e+02
2.2800600e+06 4.6000000e+01 1.9250000e+01 0.0000000e+00 4.9756000e+02
