0.0000000e+00 1.8000000e+00 3.2100000e+02
6.0000000e+01 1.4000000e+00 2.0000000e+01
1.2000000e+02 1.4000000e+00 1.9000000e+01
1.8000000e+02 1.2000000e+00 1.9000000e+01
2.4000000e+02 8.9999998e-01 8.0000000e+00
3.0000000e+02 1.4000000e+00 2.6000000e+01
3.6000000e+02 1.1000000e+00 3.1000000e+01
4.2000000e+02 6.0000002e-01 2.3100000e+02
4.8000000e+02 4.0000001e-01 4.1000000e+01
5.4000000e+02 2.3000000e+00 5.9000000e+01
6.0000000e+02 2.0000000e+00 6.0000000e+01
6.6000000e+02 8.9999998e-01 8.0000000e+01
7.2000000e+02 1.8000000e+00 9.6000000e+01
7.8000000e+02 5.0000000e-01 9.3000000e+01
8.4000000e+02 8.0000001e-01 3.2100000e+02
9.0000000e+02 5.0000000e-01 3.3500000e+02
9.6000000e+02 5.0000000e-01 7.8000000e+01
1.0200000e+03 1.3000000e+00 8.1000000e+01
1.0800000e+03 1.0000000e+00 4.7000000e+01
1.1400000e+03 1.6000000e+00 5.0000000e+00
1.2000000e+03 3.0000001e-01 5.0000000e+00
1.2600000e+03 5.0000000e-01 3.3900000e+02
1.3200000e+03 3.0000001e-01 2.6900000e+02
1.3800000e+03 4.0000001e-01 2.5600000e+02
1.4400000e+03 4.0000001e-01 1.5000000e+01
1.5000000e+03 3.0000001e-01 3.5500000e+02
1.5600000e+03 8.0000001e-01 2.3000000e+01
1.6200000e+03 1.1000000e+00 2.3000000e+01
1.6800000e+03 2.0000000e-01 1.8000000e+01
1.7400000e+03 3.0000001e-01 3.1900000e+02
1.8000000e+03 3.0000001e-01 6.8000000e+01
1.8600000e+03 2.4000001e+00 3.8000000e+01
1.9200000e+03 1.4000000e+00 5.5000000e+01
1.9800000e+03 2.3000000e+00 6.7000000e+01
2.0400000e+03 1.6000000e+00 1.0500000e+02
2.1000000e+03 2.0000000e+00 7.3000000e+01
2.1600000e+03 2.0999999e+00 9.5000000e+01
2.2200000e+03 2.0999999e+00 8.5000000e+01
2.2800000e+03 1.6000000e+00 7.8000000e+01
2.3400000e+03 2.2000000e+00 1.5900000e+02
2.4000000e+03 1.2000000e+00 1.4900000e+02
2.4600000e+03 8.0000001e-01 1.4000000e+02
2.5200000e+03 1.2000000e+00 2.2800000e+02
2.5800000e+03 3.0000001e-01 2.3500000e+02
2.6400000e+03 8.0000001e-01 2.3300000e+02
2.7000000e+03 4.0000001e-01 2.8500000e+02
2.7600000e+03 5.0000000e-01 4.6000000e+01
2.8200000e+03 3.0000001e-01 2.7400000e+02
2.8800000e+03 1.0000000e-01 2.2500000e+02
2.9400000e+03 1.0000000e-01 2.9300000e+02
3.0000000e+03 3.0000001e-01 2.4400000e+02
3.0600000e+03 5.0000000e-01 2.1900000e+02
3.1200000e+03 2.0000000e-01 2.4000000e+02
3.1800000e+03 2.0000000e-01 2.9600000e+02
3.2400000e+03 2.0000000e-01 2.5800000e+02
3.3000000e+03 1.0000000e-01 2.0600000e+02
3.3600000e+03 3.0000001e-01 1.8400000e+02
3.4200000e+03 8.9999998e-01 1.8800000e+02
3.4800000e+03 1.1000000e+00 1.5000000e+02
3.5400000e+03 8.9999998e-01 1.8600000e+02
3.6000000e+03 1.7000000e+00 1.6700000e+02
3.6600000e+03 1.1000000e+00 1.6300000e+02
3.7200000e+03 1.8000000e+00 2.1100000e+02
3.7800000e+03 1.5000000e+00 7.8000000e+01
3.8400000e+03 1.3000000e+00 1.2600000e+02
3.9000000e+03 1.3000000e+00 8.0000000e+01
3.9600000e+03 4.0000001e-01 8.9000000e+01
4.0200000e+03 8.9999998e-01 2.5700000e+02
4.0800000e+03 1.3000000e+00 2.1000000e+01
4.1400000e+03 4.0000001e-01 7.0000000e+00
4.2000000e+03 5.0000000e-01 2.4900000e+02
4.2600000e+03 3.0000001e-01 2.2800000e+02
4.3200000e+03 4.0000001e-01 2.5200000e+02
4.3800000e+03 0.0000000e+00 2.5300000e+02
4.4400000e+03 2.0000000e-01 2.0200000e+02
4.5000000e+03 4.0000001e-01 2.3300000e+02
4.5600000e+03 2.0000000e-01 3.3800000e+02
4.6200000e+03 5.0000000e-01 3.4000000e+01
4.6800000e+03 8.0000001e-01 4.8000000e+01
4.7400000e+03 5.0000000e-01 4.7000000e+01
4.8000000e+03 3.0000001e-01 9.4000000e+01
4.8600000e+03 6.0000002e-01 1.7800000e+02
4.9200000e+03 1.1000000e+00 1.6400000e+02
4.9800000e+03 1.2000000e+00 1.5700000e+02
5.0400000e+03 1.8000000e+00 1.8000000e+02
5.1000000e+03 3.2000000e+00 2.0300000e+02
5.1600000e+03 2.9000001e+00 2.0200000e+02
5.2200000e+03 3.0000000e+00 2.0600000e+02
5.2800000e+03 2.2000000e+00 2.1000000e+02
5.3400000e+03 2.0999999e+00 2.1500000e+02
5.4000000e+03 4.0000001e-01 2.1500000e+02
5.4600000e+03 6.9999999e-01 3.3900000e+02
5.5200000e+03 2.0000000e-01 3.3400000e+02
5.5800000e+03 4.0000001e-01 2.9200000e+02
5.6400000e+03 3.0000001e-01 3.2000000e+02
5.7000000e+03 3.0000001e-01 3.4300000e+02
5.7600000e+03 2.0000000e-01 3.0900000e+02
5.8200000e+03 1.0000000e-01 3.1400000e+02
5.8800000e+03 1.0000000e-01 3.2000000e+02
5.9400000e+03 2.0000000e-01 3.5500000e+02
6.0000000e+03 4.0000001e-01 3.7000000e+01
6.0600000e+03 4.0000001e-01 4.1000000e+01
6.1200000e+03 3.0000001e-01 4.6000000e+01
6.1800000e+03 4.0000001e-01 6.9000000e+01
6.2400000e+03 6.9999999e-01 1.3800000e+02
6.3000000e+03 2.0000000e+00 1.9800000e+02
6.3600000e+03 2.9000001e+00 2.0000000e+02
6.4200000e+03 2.2000000e+00 2.0500000e+02
6.4800000e+03 2.2000000e+00 2.0800000e+02
6.5400000e+03 3.2000000e+00 2.0500000e+02
6.6000000e+03 3.0000000e+00 2.0700000e+02
6.6600000e+03 2.0000000e+00 2.0700000e+02
6.7200000e+03 1.8000000e+00 2.1800000e+02
6.7800000e+03 1.7000000e+00 2.1900000e+02
6.8400000e+03 1.2000000e+00 2.1100000e+02
6.9000000e+03 3.0000001e-01 2.0900000e+02
6.9600000e+03 6.0000002e-01 5.0000000e+01
7.0200000e+03 3.0000001e-01 3.6000000e+01
7.0800000e+03 3.0000001e-01 3.5900000e+02
7.1400000e+03 0.0000000e+00 5.8000000e+01
7.2000000e+03 2.0000000e-01 3.5200000e+02
7.2600000e+03 0.0000000e+00 3.1000000e+01
7.3200000e+03 0.0000000e+00 4.1000000e+01
7.3800000e+03 2.0000000e-01 2.4300000e+02
7.4400000e+03 3.0000001e-01 3.5000000e+01
7.5000000e+03 2.0000000e-01 2.1300000e+02
7.5600000e+03 8.9999998e-01 1.7200000e+02
7.6200000e+03 6.0000002e-01 1.6900000e+02
7.6800000e+03 1.1000000e+00 1.7000000e+02
7.7400000e+03 8.0000001e-01 1.5800000e+02
7.8000000e+03 1.1000000e+00 1.4300000e+02
7.8600000e+03 2.5000000e+00 1.8800000e+02
7.9200000e+03 2.8000000e+00 2.0300000e+02
7.9800000e+03 2.7000000e+00 2.0700000e+02
8.0400000e+03 2.5999999e+00 2.0000000e+02
8.1000000e+03 2.0000000e+00 2.0200000e+02
8.1600000e+03 1.7000000e+00 2.0700000e+02
8.2200000e+03 1.9000000e+00 2.0700000e+02
8.2800000e+03 1.3000000e+00 2.1000000e+02
8.3400000e+03 6.0000002e-01 2.1000000e+02
8.4000000e+03 8.0000001e-01 2.2200000e+02
8.4600000e+03 5.0000000e-01 5.9000000e+01
8.5200000e+03 1.8000000e+00 2.0200000e+02
8.5800000e+03 1.2000000e+00 2.0300000e+02
8.6400000e+03 1.7000000e+00 2.0600000e+02
8.7000000e+03 1.1000000e+00 2.0300000e+02
8.7600000e+03 6.0000002e-01 2.0100000e+02
8.8200000e+03 3.0000001e-01 2.0200000e+02
8.8800000e+03 1.0000000e-01 1.8800000e+02
8.9400000e+03 4.0000001e-01 1.7000000e+02
9.0000000e+03 5.0000000e-01 2.0300000e+02
9.0600000e+03 6.9999999e-01 2.2100000e+02
9.1200000e+03 3.0000001e-01 2.1100000e+02
9.1800000e+03 2.0000000e-01 1.0500000e+02
9.2400000e+03 6.0000002e-01 8.9000000e+01
9.3000000e+03 2.0000000e-01 1.0600000e+02
9.3600000e+03 1.0000000e-01 1.1800000e+02
9.4200000e+03 4.0000001e-01 1.0600000e+02
9.4800000e+03 6.9999999e-01 8.6000000e+01
9.5400000e+03 5.0000000e-01 8.4000000e+01
9.6000000e+03 6.0000002e-01 7.6000000e+01
9.6600000e+03 8.0000001e-01 6.3000000e+01
9.7200000e+03 1.2000000e+00 2.7700000e+02
9.7800000e+03 1.3000000e+00 2.7100000e+02
9.8400000e+03 1.2000000e+00 2.2100000e+02
9.9000000e+03 1.3000000e+00 2.1200000e+02
9.9600000e+03 5.0000000e-01 2.0900000e+02
1.0020000e+04 8.0000001e-01 2.1500000e+02
1.0080000e+04 6.0000002e-01 2.2000000e+02
1.0140000e+04 6.0000002e-01 2.1900000e+02
1.0200000e+04 1.2000000e+00 2.0700000e+02
1.0260000e+04 5.0000000e-01 2.2100000e+02
1.0320000e+04 6.9999999e-01 3.1200000e+02
1.0380000e+04 1.0000000e-01 2.8000000e+02
1.0440000e+04 2.0000000e-01 3.2600000e+02
1.0500000e+04 1.0000000e-01 5.9000000e+01
1.0560000e+04 6.0000002e-01 1.6100000e+02
1.0620000e+04 1.1000000e+00 8.7000000e+01
1.0680000e+04 6.9999999e-01 1.0900000e+02
1.0740000e+04 1.1000000e+00 1.5600000e+02
1.0800000e+04 1.1000000e+00 1.5000000e+02
1.0860000e+04 8.9999998e-01 1.4400000e+02
1.0920000e+04 1.6000000e+00 2.0200000e+02
1.0980000e+04 2.2000000e+00 1.9300000e+02
1.1040000e+04 1.7000000e+00 1.9900000e+02
1.1100000e+04 1.8000000e+00 2.0300000e+02
1.1160000e+04 2.0999999e+00 1.9700000e+02
1.1220000e+04 1.8000000e+00 2.0900000e+02
1.1280000e+04 3.0000001e-01 2.1000000e+02
1.1340000e+04 4.0000001e-01 2.6000000e+01
1.1400000e+04 8.9999998e-01 3.4300000e+02
1.1460000e+04 5.0000000e-01 7.0000000e+00
1.1520000e+04 6.9999999e-01 3.0400000e+02
1.1580000e+04 6.9999999e-01 3.5900000e+02
1.1640000e+04 1.2000000e+00 2.6500000e+02
1.1700000e+04 1.8000000e+00 2.4900000e+02
1.1760000e+04 6.0000002e-01 2.6000000e+02
1.1820000e+04 1.1000000e+00 2.8200000e+02
1.1880000e+04 8.9999998e-01 3.1800000e+02
1.1940000e+04 1.4000000e+00 2.4400000e+02
1.2000000e+04 3.5999999e+00 2.5600000e+02
1.2060000e+04 8.9999998e-01 2.6000000e+02
1.2120000e+04 2.0999999e+00 2.5200000e+02
1.2180000e+04 1.5000000e+00 2.7500000e+02
1.2240000e+04 1.7000000e+00 2.2900000e+02
1.2300000e+04 1.2000000e+00 2.0700000e+02
1.2360000e+04 1.5000000e+00 1.9300000e+02
1.2420000e+04 8.9999998e-01 1.9000000e+02
1.2480000e+04 1.5000000e+00 2.0800000e+02
1.2540000e+04 5.0000000e-01 2.3700000e+02
1.2600000e+04 8.9999998e-01 6.1000000e+01
1.2660000e+04 5.0000000e-01 5.9000000e+01
1.2720000e+04 6.0000002e-01 3.2300000e+02
1.2780000e+04 1.1000000e+00 3.3700000e+02
1.2840000e+04 1.0000000e+00 3.1900000e+02
1.2900000e+04 1.1000000e+00 3.3800000e+02
1.2960000e+04 6.0000002e-01 3.2200000e+02
