1.4544000e+05 -7.2000000e-02 0.0000000e+00 0.0000000e+00
2.2500000e+06 -7.2000000e-02 0.0000000e+00 0.0000000e+00
2.2507200e+06 -7.2000000e-02 0.0000000e+00 0.0000000e+00
2.2514400e+06 -7.2000000e-02 0.0000000e+00 0.0000000e+00
2.2521600e+06 -7.2000000e-02 0.0000000e+00 0.0000000e+00
2.2528800e+06 -7.2000000e-02 0.0000000e+00 0.0000000e+00
2.2536000e+06 -7.2000000e-02 0.0000000e+00 0.0000000e+00
2.2543200e+06 -7.2000000e-02 0.0000000e+00 0.0000000e+00
2.2550400e+06 -7.2000000e-02 0.0000000e+00 0.0000000e+00
2.2557600e+06 -7.2000000e-02 0.0000000e+00 0.0000000e+00
2.2564800e+06 -7.2000000e-02 0.0000000e+00 0.0000000e+00
2.2572000e+06 -7.2000000e-02 0.0000000e+00 0.0000000e+00
2.2579200e+06 -7.2000000e-02 0.0000000e+00 0.0000000e+00
2.2586400e+06 -7.2000000e-02 0.0000000e+00 0.0000000e+00
2.2593600e+06 -7.2000000e-02 0.0000000e+00 0.0000000e+00
2.2600800e+06 -7.2000000e-02 0.0000000e+00 0.0000000e+00
2.2608000e+06 -7.2000000e-02 0.0000000e+00 0.0000000e+00
2.2615200e+06 -7.2000000e-02 0.0000000e+00 0.0000000e+00
2.2723200e+06 -7.2000000e-02 0.0000000e+00 0.0000000e+00
